-0.270935960591133
-0.13738368910782703
-0.10563765736179528
-0.30268199233716475
-0.5128626163108921
-0.45265462506841814
-0.5161466885604816
-0.5161466885604816
-0.4844006568144499
-0.5862068965517241
-0.6179529282977558
-0.5478927203065134
-0.5128626163108921
-0.6464148877941982
-0.5796387520525451
-0.659551176792556
-0.4559386973180077
-0.5161466885604816
-0.7263273125342091
-0.6278051450465243
-0.6978653530377669
-0.6880131362889984
-0.6179529282977558
-0.6179529282977558
-0.6179529282977558
-0.6529830322933772
-0.5478927203065134
-0.6912972085385878
-0.6529830322933772
-0.5894909688013137
-0.45265462506841814
-0.45265462506841814
-0.45265462506841814
-0.49096880131362886
-0.42747673782156537
-0.4559386973180077
-0.4176245210727969
-0.6310892172961139
-0.5927750410509032
-0.5927750410509032
-0.6278051450465243
-0.5292829775588397
-0.5325670498084291
-0.6026272577996716
-0.5675971538040504
-0.45265462506841814
-0.7646414887794197
-0.6945812807881774
-0.6245210727969349
-0.5577449370552819
-0.6310892172961139
-0.6978653530377669
-0.5927750410509032
-0.6278051450465243
-0.29720853858784896
-0.29064039408866993
-0.29064039408866993
-0.4592227695675971
-0.3957307060755336
-0.5741652983032293
-0.4373289545703338
-0.539135194307608
-0.3672687465790915
-0.5073891625615763
-0.46907498631636557
-0.32567049808429116
-0.36070060207991245
-0.5358511220580187
-0.6343732895457034
-0.6343732895457034
-0.6409414340448824
-0.3990147783251232
-0.539135194307608
-0.34537493158182814
-0.44937055281882865
-0.4811165845648604
-0.6245210727969349
-0.659551176792556
-0.5292829775588397
-0.5610290093048714
-0.4055829228243021
-0.4340448823207444
-0.5008210180623973
-0.5358511220580187
-0.5325670498084291
-0.4975369458128079
-0.5610290093048714
-0.5708812260536399
-0.6628352490421456
-0.6562671045429667
-0.6912972085385878
-0.659551176792556
-0.6245210727969349
-0.5993431855500821
-0.551176792556103
-0.49096880131362886
-0.5862068965517241
-0.45265462506841814
-0.5610290093048714
-0.3924466338259442
-0.6661193212917351
-0.5960591133004925
-0.49096880131362886
-0.5227148330596606
-0.5577449370552819
-0.6562671045429667
-0.6179529282977558
-0.6278051450465243
-0.6278051450465243
-0.6945812807881774
-0.6562671045429667
-0.4176245210727969
-0.5993431855500821
-0.5227148330596606
-0.5862068965517241
-0.5577449370552819
-0.4559386973180077
-0.5194307608100712
-0.5194307608100712
-0.6212370005473454
-0.49096880131362886
-0.4559386973180077
-0.4876847290640394
-0.4876847290640394
-0.5927750410509032
-0.37931034482758624
-0.350848385331144
-0.5544608648056923
-0.7613574165298304
-0.7296113847837986
-0.7296113847837986
-0.5862068965517241
-0.5161466885604816
-0.5478927203065134
-0.5478927203065134
-0.7230432402846195
-0.6880131362889984
-0.6212370005473454
-0.5478927203065134
-0.7931034482758621
-0.7963875205254515
-0.7230432402846195
-0.6912972085385878
-0.6912972085385878
-0.6179529282977558
-0.6529830322933772
-0.7547892720306513
-0.6529830322933772
-0.7197591680350302
-0.7230432402846195
-0.786535303776683
-0.7263273125342091
-0.7931034482758621
-0.7580733442802409
-0.6880131362889984
-0.7230432402846195
-0.6628352490421456
-0.6278051450465243
-0.5927750410509032
-0.6945812807881774
-0.6310892172961139
-0.7263273125342091
-0.7263273125342091
-0.732895457033388
-0.7613574165298304
-0.6945812807881774
-0.7263273125342091
-0.7613574165298304
-0.6945812807881774
-0.7263273125342091
-0.7931034482758621
-0.7931034482758621
-0.8347016967706623
-0.7077175697865353
-0.926655719759168
-0.8314176245210728
-0.8631636562671046
-0.7898193760262726
-0.8949096880131363
-0.933223864258347
-0.933223864258347
-0.9682539682539683
-0.9682539682539683
-0.8412698412698413
-0.873015873015873
-0.9365079365079365
-0.9365079365079365
-0.9365079365079365
-0.8631636562671046
-0.8697318007662835
-0.866447728516694
-1.0
-0.859879584017515
-0.8949096880131363
-0.859879584017515
-0.9299397920087575
-0.9616858237547893
-0.7963875205254515
-0.8281335522714832
-0.7580733442802409
-0.8949096880131363
-0.7963875205254515
-0.7898193760262726
-0.859879584017515
-0.859879584017515
-0.9014778325123153
-0.866447728516694
-0.8314176245210728
-0.8631636562671046
-0.8981937602627258
-0.9014778325123153
-0.8949096880131363
-0.8949096880131363
-0.859879584017515
-0.8631636562671046
-0.8281335522714832
-0.9299397920087575
-0.8949096880131363
-0.9649698960043788
-0.9649698960043788
-0.9649698960043788
-0.9649698960043788
-0.8981937602627258
-0.8981937602627258
-0.933223864258347
-0.933223864258347
-0.44280240831964973
-0.5675971538040504
-0.6026272577996716
-0.6628352490421456
-0.6628352490421456
-0.6628352490421456
-0.6945812807881774
-0.6945812807881774
-0.6945812807881774
-0.6179529282977558
-0.659551176792556
-0.7230432402846195
-0.6245210727969349
-0.6212370005473454
-0.6628352490421456
-0.5862068965517241
-0.6562671045429667
-0.6245210727969349
-0.5927750410509032
-0.6343732895457034
-0.49425287356321845
-0.6562671045429667
-0.4811165845648604
-0.4143404488232075
-0.4876847290640394
-0.4559386973180077
-0.5862068965517241
-0.4460864805692392
-0.44937055281882865
-0.7044334975369458
-0.6026272577996716
-0.6278051450465243
-0.5194307608100712
-0.5894909688013137
-0.5227148330596606
-0.5894909688013137
-0.6212370005473454
-0.551176792556103
-0.5993431855500821
-0.6278051450465243
-0.6278051450465243
-0.7613574165298304
-0.732895457033388
-0.7263273125342091
-0.7613574165298304
-0.659551176792556
-0.5927750410509032
-0.6245210727969349
-0.6310892172961139
-0.5927750410509032
-0.5960591133004925
-0.6562671045429667
-0.5862068965517241
-0.6562671045429667
-0.6912972085385878
-0.5894909688013137
-0.6245210727969349
-0.6245210727969349
-0.6912972085385878
-0.659551176792556
-0.659551176792556
-0.6880131362889984
-0.5095785440613028
-0.5446086480569239
-0.5763546798029556
-0.6146688560481665
-0.5413245758073345
-0.4395183360700602
-0.44280240831964973
-0.4745484400656815
-0.4395183360700602
-0.6113847837985769
-0.6146688560481665
-0.5862068965517241
-0.551176792556103
-0.6496989600437876
-0.5829228243021347
-0.6146688560481665
-0.6146688560481665
-0.5161466885604816
-0.4395183360700602
-0.40777230432402845
-0.6179529282977558
-0.4745484400656815
-0.40448823207443896
-0.40448823207443896
-0.933223864258347
-0.7931034482758621
-0.8281335522714832
-0.8631636562671046
-0.8314176245210728
-0.8314176245210728
-0.9299397920087575
-0.8981937602627258
-0.8281335522714832
-0.7580733442802409
-0.6529830322933772
-0.7547892720306513
-0.7547892720306513
-0.5577449370552819
-0.5577449370552819
-0.5577449370552819
-0.6245210727969349
-0.6847290640394089
-0.7197591680350302
-0.11548987411056374
-0.217296113847838
-0.14395183360700606
-0.048713738368910804
-0.2654625068418172
-0.29720853858784896
-0.1954022988505747
-0.157088122605364
-0.19211822660098526
-0.350848385331144
-0.07717569786535304
-0.07717569786535304
-0.07389162561576354
-0.284072249589491
-0.217296113847838
-0.19211822660098526
-0.31910235358511224
-0.12534209085933226
-0.2588943623426382
0.1833607006020799
-0.048713738368910804
0.15489874110563767
0.09140667761357417
0.05637657361795292
0.15161466885604816
0.2534209085933224
0.1833607006020799
0.03995621237000548
-0.0870279146141215
0.053092501368363444
0.3070607553366174
0.17679255610290093
0.03338806787082647
0.2370005473453749
0.10673234811165848
0.049808429118773936
-0.023535851122058013
-0.09688013136289002
-0.1735084838533114
-0.14504652435686924
-0.11001642036124792
-0.04324028461959498
-0.07498631636562673
0.07170224411603722
0.04324028461959498
0.11330049261083742
-0.010399562123700051
-0.026819923371647517
0.014778325123152686
0.04652435686918443
-0.058565955117679265
0.049808429118773936
0.0016420361247947242
-0.10344827586206891
-0.1669403393541324
-0.16365626710454295
-0.07170224411603716
-0.20525451559934316
0.04324028461959498
-0.09688013136289002
-0.09688013136289002
0.03995621237000548
0.036672140120415975
0.14504652435686918
-0.058565955117679265
0.03995621237000548
-0.18883415435139575
-0.18883415435139575
-0.058565955117679265
-0.09359605911330052
0.011494252873563237
0.030103995621236966
0.0016420361247947242
-0.06513409961685827
0.0016420361247947242
-0.1669403393541324
-0.10344827586206891
0.12862616310892172
0.20197044334975373
0.026819923371647517
-0.2588943623426382
-0.223864258347017
-0.25561029009304875
0.11330049261083742
0.04652435686918443
0.08155446086480568
0.20525451559934316
0.07827038861521618
0.08155446086480568
0.1833607006020799
-0.06513409961685827
-0.036672140120415975
-0.058565955117679265
-0.157088122605364
-0.09359605911330052
0.004926108374384229
-0.02025177887246851
0.04324028461959498
-0.3289545703338807
-0.061850027367268766
-0.05528188286808976
-0.09031198686371102
-0.02025177887246851
-0.16365626710454295
-0.05528188286808976
-0.010399562123700051
-0.223864258347017
-0.26217843459222767
-0.223864258347017
-0.05528188286808976
-0.0870279146141215
-0.157088122605364
-0.0870279146141215
-0.157088122605364
-0.11877394636015325
-0.150519978106185
0.008210180623973733
0.04324028461959498
-0.05528188286808976
-0.02025177887246851
-0.01696770662287906
-0.0870279146141215
-0.1122058018609743
-0.284072249589491
-0.03010399562123702
-0.19211822660098526
0.11658456486042694
0.21510673234811165
-0.11877394636015325
0.014778325123152686
-0.0870279146141215
0.11330049261083742
0.058565955117679265
-0.03995621237000542
-0.008210180623973677
-0.22714833059660644
-0.19868637110016416
0.20197044334975373
0.1986863711001642
0.20853858784893267
0.2753147235905857
0.26874657909140665
0.17022441160372198
0.07170224411603722
0.07498631636562673
0.17022441160372198
-0.0016420361247947806
0.24356869184455393
0.4055829228243021
0.3070607553366174
0.21182266009852216
0.17679255610290093
0.31034482758620685
-0.12534209085933226
0.11001642036124792
0.0016420361247947242
0.09031198686371102
-0.03010399562123702
0.08483853311439518
0.11986863711001641
0.049808429118773936
-0.02025177887246851
-0.06513409961685827
-0.33880678708264916
0.31034482758620685
-0.008210180623973677
0.02353585112205807
-0.018062397372742248
0.15708812260536395
0.11548987411056374
-0.03338806787082653
-0.10016420361247946
0.06841817186644772
0.12862616310892172
0.026819923371647517
-0.10344827586206891
-0.04652435686918443
0.09031198686371102
0.08045977011494256
-0.053092501368363444
0.22714833059660644
0.1253420908593322
-0.08812260536398464
0.051997810618500256
-0.08812260536398464
0.1954022988505747
0.15708812260536395
0.217296113847838
0.1187739463601533
0.1538040503557745
0.22386425834701695
0.3256704980842912
0.12205801860974276
0.3289545703338807
0.22386425834701695
0.1888341543513957
0.2370005473453749
0.3004926108374384
0.1888341543513957
0.1986863711001642
0.2621784345922277
0.33880678708264916
0.44389709906951286
0.37712096332785994
0.34537493158182814
0.37712096332785994
0.5139573070607554
0.48221127531472363
0.4756431308155446
0.3519430760810071
0.4789272030651341
0.4504652435686919
0.48221127531472363
0.32019704433497537
0.3552271483305966
0.37712096332785994
0.32019704433497537
0.21839080459770116
0.2501368363437329
0.21510673234811165
0.15489874110563767
0.47235905856595517
0.4504652435686919
0.4154351395730706
0.48877941981390255
0.4537493158182813
0.4220032840722496
0.39025725232621783
0.48549534756431306
0.34537493158182814
0.21182266009852216
0.2753147235905857
0.34537493158182814
0.28516694033935414
0.22167487684729062
0.2884510125889436
0.2884510125889436
0.2785987958401751
0.2370005473453749
0.27203065134099613
0.20197044334975373
0.26874657909140665
0.21510673234811165
0.04324028461959498
0.10673234811165848
0.11330049261083742
0.4373289545703338
0.3705528188286809
0.5358511220580187
0.5008210180623973
0.46907498631636557
0.605911330049261
0.6694033935413245
0.38040503557744937
0.4789272030651341
0.4756431308155446
0.5139573070607554
0.4789272030651341
0.44718117131910234
0.4121510673234811
0.4789272030651341
0.4406130268199234
0.4756431308155446
0.4406130268199234
0.4789272030651341
0.44718117131910234
0.20744389709906955
0.5577449370552819
0.6310892172961139
0.4340448823207444
0.40229885057471265
0.4307608100711549
0.49096880131362886
0.4876847290640394
0.49096880131362886
0.5292829775588397
0.5194307608100712
0.5577449370552819
0.38587848932676516
0.42090859332238645
0.4876847290640394
0.44608648056923916
0.5161466885604817
0.5161466885604817
0.3825944170771757
0.4811165845648604
0.3825944170771757
0.4975369458128079
0.6245210727969349
0.28407224958949095
0.4526546250684182
0.49096880131362886
0.42747673782156537
0.3924466338259442
0.3924466338259442
0.4340448823207444
0.5259989053092502
0.39901477832512317
0.4373289545703338
0.46579091406677614
0.3957307060755336
0.4307608100711549
0.42090859332238645
0.5544608648056923
0.35741652983032296
0.36070060207991245
0.46250684181718665
0.4559386973180077
0.3541324575807334
0.3191023535851122
0.3541324575807334
0.3191023535851122
0.6310892172961139
0.5358511220580187
0.5008210180623973
0.6343732895457034
0.3957307060755336
0.3924466338259442
0.5259989053092502
0.40229885057471265
0.37383689107827034
0.3672687465790914
0.39901477832512317
0.39901477832512317
0.4373289545703338
0.3705528188286809
0.4373289545703338
0.3355227148330597
0.37712096332785994
0.3420908593322386
0.47235905856595517
0.4055829228243021
0.3486590038314176
0.29720853858784896
0.2654625068418172
0.5041050903119869
0.4406130268199234
0.21182266009852216
0.18007662835249041
0.31034482758620685
0.34537493158182814
0.14504652435686918
0.21839080459770116
0.3420908593322386
0.33880678708264916
0.11001642036124792
0.6726874657909141
0.5708812260536399
0.5073891625615763
0.5774493705528189
0.5073891625615763
0.5708812260536399
0.22386425834701695
0.2457580733442803
0.21401204159824855
0.217296113847838
0.38587848932676516
0.15708812260536395
0.5643130815544608
0.48440065681444994
0.3891625615763547
0.3541324575807334
0.24904214559386975
0.3191023535851122
0.4307608100711549
0.46250684181718665
0.3169129720853859
0.48221127531472363
0.5172413793103448
0.5807334428024082
0.4373289545703338
0.61247947454844
0.6157635467980296
0.6157635467980296
0.61247947454844
0.5774493705528189
0.6091954022988506
0.6475095785440613
0.5840175150519978
0.5172413793103448
0.5457033388067871
0.5457033388067871
0.5807334428024082
0.5522714833059661
0.5205254515599343
0.5238095238095238
0.6475095785440613
0.6190476190476191
0.5873015873015873
0.6190476190476191
0.5840175150519978
0.5840175150519978
0.5555555555555556
0.5205254515599343
0.4756431308155446
0.5457033388067871
0.7427476737821566
0.61247947454844
0.539135194307608
0.5774493705528189
0.5840175150519978
0.5873015873015873
0.5555555555555556
0.5457033388067871
0.5205254515599343
0.5172413793103448
0.5489874110563765
0.5172413793103448
0.5927750410509032
0.7931034482758621
0.7931034482758621
0.6179529282977558
0.6529830322933772
0.7142857142857143
0.7142857142857143
0.8029556650246306
0.7427476737821566
0.6759715380405036
0.6759715380405036
0.746031746031746
0.7394636015325671
0.7394636015325671
0.7110016420361248
0.6409414340448824
0.7394636015325671
0.7427476737821566
0.7712096332785988
0.7077175697865353
0.5807334428024082
0.6442255062944718
0.6442255062944718
0.80623973727422
0.7744937055281883
0.8412698412698413
0.7712096332785988
0.8697318007662835
0.8347016967706623
0.8029556650246306
0.8697318007662835
0.8347016967706623
0.8029556650246306
0.5106732348111658
0.6442255062944718
0.6825396825396826
0.6190476190476191
0.6825396825396826
0.6190476190476191
0.6792556102900931
0.7427476737821566
0.7110016420361248
0.6792556102900931
0.7777777777777778
0.746031746031746
0.746031746031746
0.746031746031746
0.6475095785440613
0.61247947454844
0.5807334428024082
0.746031746031746
0.7142857142857143
0.6792556102900931
0.6475095785440613
0.6792556102900931
0.6475095785440613
0.6825396825396826
0.7044334975369458
0.6409414340448824
0.7712096332785988
0.7777777777777778
0.7394636015325671
0.80623973727422
0.8412698412698413
0.873015873015873
0.8412698412698413
0.8095238095238095
0.8412698412698413
0.7744937055281883
0.8412698412698413
0.8095238095238095
0.7427476737821566
0.7744937055281883
0.8095238095238095
0.6792556102900931
0.746031746031746
0.7142857142857143
0.7142857142857143
0.746031746031746
0.8412698412698413
0.7142857142857143
0.7142857142857143
0.7077175697865353
0.7744937055281883
0.7996715927750411
0.866447728516694
0.8314176245210728
0.8314176245210728
0.8314176245210728
0.8314176245210728
0.8697318007662835
0.8697318007662835
0.8314176245210728
0.866447728516694
0.8347016967706623
0.8029556650246306
0.8379857690202518
0.8981937602627258
0.8029556650246306
0.8314176245210728
0.866447728516694
0.8697318007662835
0.9014778325123153
0.9014778325123153
0.933223864258347
0.7996715927750411
0.8314176245210728
0.9682539682539683
0.9365079365079365
0.9047619047619048
0.9682539682539683
0.8379857690202518
0.9365079365079365
0.9365079365079365
0.9682539682539683
0.933223864258347
0.9365079365079365
0.9365079365079365
0.9365079365079365
0.9365079365079365
0.9365079365079365
0.9365079365079365
0.9682539682539683
0.9682539682539683
0.9682539682539683
0.9682539682539683
0.9649698960043788
0.933223864258347
0.9014778325123153
0.933223864258347
0.9682539682539683
0.933223864258347
0.9682539682539683
0.933223864258347
0.9365079365079365
0.873015873015873
0.873015873015873
0.9047619047619048
0.9649698960043788
0.9682539682539683
1.0
1.0
0.933223864258347
1.0
0.9682539682539683
1.0
1.0
0.9682539682539683
1.0
1.0
1.0
1.0
1.0
0.9649698960043788
0.9649698960043788
0.9682539682539683
0.9682539682539683
0.9682539682539683
0.9682539682539683
0.9365079365079365
1.0
0.9682539682539683
0.9682539682539683
1.0
0.9682539682539683
0.9682539682539683
0.9365079365079365
0.9365079365079365
0.9047619047619048
0.9682539682539683
0.933223864258347
0.9365079365079365
0.9047619047619048
0.873015873015873
0.9365079365079365
0.9682539682539683
0.9365079365079365
0.9365079365079365
0.8697318007662835
0.9365079365079365
0.9682539682539683
0.933223864258347
0.933223864258347
0.9649698960043788
1.0
0.9365079365079365
0.9682539682539683
1.0
0.933223864258347
0.933223864258347
0.933223864258347
0.9649698960043788
0.9649698960043788
1.0
1.0
1.0
0.933223864258347
0.9014778325123153
0.9682539682539683
1.0
1.0
1.0
1.0
1.0
0.9682539682539683
0.9365079365079365
0.9682539682539683
0.9682539682539683
0.9682539682539683
0.9649698960043788
0.9649698960043788
1.0
1.0
0.9682539682539683
1.0
1.0
1.0
1.0
0.9682539682539683
0.9682539682539683
0.9365079365079365
1.0
1.0
1.0
1.0
1.0
1.0
0.9682539682539683
0.9682539682539683
1.0
1.0
1.0
1.0
1.0
0.9047619047619048
0.9365079365079365
0.9047619047619048
0.9365079365079365
0.9047619047619048
0.7744937055281883
0.9014778325123153
0.9365079365079365
0.9365079365079365
0.9365079365079365
0.873015873015873
0.9682539682539683
0.9365079365079365
0.8697318007662835
0.7777777777777778
0.8412698412698413
0.9682539682539683
0.9365079365079365
0.9365079365079365
0.9365079365079365
0.9365079365079365
0.9365079365079365
0.9365079365079365
0.9047619047619048
0.9047619047619048
0.8379857690202518
0.873015873015873
