-0.24340175953079177
-0.21407624633431085
-0.21407624633431085
-0.47214076246334313
-0.6011730205278593
0.06744868035190618
-0.16715542521994134
-0.21407624633431085
-0.21407624633431085
-0.07331378299120236
-0.39002932551319647
-0.21407624633431085
-0.27859237536656895
-0.21407624633431085
-0.1495601173020528
-0.25513196480938416
-0.16129032258064516
-0.21407624633431085
-0.05571847507331376
-0.07331378299120236
-0.026392961876832793
-0.41348973607038125
-0.8416422287390029
-0.8885630498533724
-0.7595307917888563
-0.8885630498533724
-0.6011730205278593
-0.7302052785923754
-0.6832844574780058
-0.44868035190615835
-0.24340175953079182
-0.3958944281524927
-0.3489736070381232
-0.06744868035190613
-0.3196480938416422
-0.4310850439882698
-0.3841642228739003
-0.17888563049853376
-0.3020527859237537
-0.17888563049853376
-0.24340175953079182
0.07331378299120236
-0.008797653958944303
-0.10263929618768333
0.05571847507331376
-0.46041055718475077
-0.6363636363636364
-0.5718475073313782
-0.3958944281524927
-0.5366568914956011
-0.5073313782991202
-0.46041055718475077
-0.36070381231671556
-0.44281524926686217
-0.26099706744868034
-0.3372434017595308
-0.2903225806451613
-0.3079178885630499
-0.21407624633431085
-0.23167155425219946
-0.343108504398827
-0.43695014662756604
-0.1847507331378299
-0.24926686217008795
-0.24926686217008795
-0.7302052785923754
-0.5425219941348974
-0.6539589442815249
-0.5601173020527859
-0.6539589442815249
-0.44868035190615835
-0.372434017595308
-0.23167155425219946
-0.1847507331378299
-0.1671554252199414
-0.1671554252199414
-0.1495601173020528
-0.07331378299120236
-0.1847507331378299
-0.24926686217008795
-0.29618768328445755
-0.39002932551319647
-0.29618768328445755
-0.343108504398827
-0.026392961876832793
-0.2023460410557185
-0.24926686217008795
-0.2023460410557185
-0.6363636363636364
-0.6187683284457477
-0.5425219941348974
-0.5249266862170088
-0.7126099706744867
-0.6363636363636364
-0.8416422287390029
-0.8240469208211144
-0.8709677419354839
-0.8885630498533724
-0.7771260997067448
-0.8064516129032258
-0.343108504398827
-0.43695014662756604
-0.46627565982404695
-0.5131964809384163
-0.3841642228739003
-0.5131964809384163
-0.6363636363636364
-0.5777126099706744
-0.41348973607038125
-0.7947214076246334
-0.6070381231671554
-0.8416422287390029
-0.7771260997067448
-0.7478005865102638
-0.7478005865102638
-0.7302052785923754
-0.7947214076246334
-0.7947214076246334
-0.7947214076246334
-0.7302052785923754
-0.718475073313783
-0.8592375366568915
-0.8416422287390029
-0.7947214076246334
-0.4780058651026393
-0.4897360703812316
-0.5366568914956011
-0.6480938416422287
-0.3020527859237537
-0.7126099706744867
-0.5894428152492669
-0.4310850439882698
-0.6304985337243402
-0.6187683284457477
-0.6656891495601173
-0.5718475073313782
-0.6363636363636364
-0.6656891495601173
-0.7595307917888563
-0.7478005865102638
-0.7478005865102638
-0.7478005865102638
-0.7771260997067448
-0.7771260997067448
-0.7302052785923754
-0.7302052785923754
-0.5366568914956011
-0.6480938416422287
-0.6480938416422287
-0.7126099706744867
-0.6656891495601173
-0.8416422287390029
-0.6832844574780058
-0.7302052785923754
-0.7947214076246334
-0.906158357771261
-0.6832844574780058
-0.6187683284457477
-0.6363636363636364
-0.7008797653958944
-0.718475073313783
-0.5131964809384163
-0.49560117302052786
-0.906158357771261
-0.7653958944281525
-0.8123167155425219
-0.7302052785923754
-0.7947214076246334
-0.8416422287390029
-0.8416422287390029
-0.9530791788856305
-0.8709677419354839
-0.6070381231671554
-0.624633431085044
-0.7008797653958944
-0.5249266862170088
-0.5894428152492669
-0.6539589442815249
-0.718475073313783
-0.7947214076246334
-0.8416422287390029
-0.8416422287390029
-0.8416422287390029
-0.7947214076246334
-0.7947214076246334
-0.7478005865102638
-0.7947214076246334
-0.7947214076246334
-0.8240469208211144
-0.7302052785923754
-0.7771260997067448
-0.8123167155425219
-1.0
-0.8592375366568915
-0.9530791788856305
-1.0
-0.9530791788856305
-0.8123167155425219
-0.8885630498533724
-0.8064516129032258
-0.9354838709677419
-0.9354838709677419
-0.8885630498533724
-0.8885630498533724
-0.8885630498533724
-0.7302052785923754
-0.8885630498533724
-0.8885630498533724
-0.8885630498533724
-0.8416422287390029
-0.9530791788856305
-0.906158357771261
-0.9530791788856305
-0.906158357771261
-0.8592375366568915
-0.906158357771261
-0.7947214076246334
-0.906158357771261
-0.7653958944281525
-0.8123167155425219
-0.8123167155425219
-0.8592375366568915
-0.9530791788856305
-0.8592375366568915
-0.906158357771261
-0.8592375366568915
-0.22580645161290322
-0.6363636363636364
-0.9530791788856305
-0.8123167155425219
-0.906158357771261
-0.7653958944281525
-0.906158357771261
-0.8123167155425219
-0.8592375366568915
-0.7478005865102638
-0.718475073313783
-0.6715542521994136
-0.3548387096774194
-0.44868035190615835
-0.6070381231671554
-0.7478005865102638
-0.6363636363636364
-0.6539589442815249
-0.7008797653958944
-0.5777126099706744
-0.718475073313783
-0.7478005865102638
-0.36656891495601174
-0.5894428152492669
-0.6539589442815249
-0.1143695014662757
0.2668621700879766
0.12609970674486806
-0.008797653958944303
-0.008797653958944303
-0.21407624633431085
-0.10263929618768333
-0.1671554252199414
-0.12023460410557182
-0.1319648093841642
-0.1495601173020528
-0.10263929618768333
-0.05571847507331376
-0.043988269794721396
0.020527859237536666
0.08504398826979473
-0.03812316715542527
-0.008797653958944303
-0.3489736070381232
-0.3372434017595308
-0.8416422287390029
-0.8416422287390029
-0.7771260997067448
-0.26099706744868034
-0.1319648093841642
-0.4017595307917889
-0.4310850439882698
-0.3841642228739003
-0.4017595307917889
-0.3548387096774194
-0.5425219941348974
-0.6363636363636364
-0.6363636363636364
-0.44868035190615835
-0.5131964809384163
-0.36656891495601174
-0.06744868035190613
-0.7947214076246334
-0.6363636363636364
-0.6832844574780058
-0.7947214076246334
-0.8123167155425219
-0.8416422287390029
-0.7947214076246334
-0.8416422287390029
-0.8416422287390029
-0.7947214076246334
-0.5894428152492669
-0.3255131964809384
-0.4838709677419355
-0.530791788856305
-0.43695014662756604
-0.46627565982404695
-0.43695014662756604
-0.12023460410557182
-0.1495601173020528
-0.12023460410557182
-0.372434017595308
-0.26099706744868034
-0.1319648093841642
-0.26099706744868034
-0.1847507331378299
-0.21407624633431085
-0.3079178885630499
-0.27859237536656895
-0.23167155425219946
-0.27859237536656895
-0.39002932551319647
-0.2903225806451613
-0.27272727272727276
-0.3489736070381232
-0.20821114369501467
-0.21407624633431085
-0.4310850439882698
-0.05571847507331376
0.07331378299120236
-0.03812316715542527
-0.4017595307917889
-0.4310850439882698
-0.5131964809384163
0.5718475073313782
0.5249266862170088
0.7478005865102639
0.7008797653958944
0.48973607038123174
0.5718475073313782
0.6656891495601173
0.7302052785923754
0.5835777126099706
0.2668621700879766
0.47800586510263926
0.44281524926686217
0.3958944281524927
0.4134897360703812
0.5425219941348973
0.5249266862170088
0.19061583577712612
0.21994134897360698
0.33137829912023464
0.3958944281524927
0.6832844574780059
0.8416422287390029
0.7771260997067448
0.8416422287390029
0.5249266862170088
0.3958944281524927
0.5894428152492669
0.5659824046920822
0.8240469208211144
0.6480938416422287
0.6304985337243402
0.6950146627565983
0.5190615835777126
0.7595307917888563
0.5073313782991202
0.6950146627565983
0.6011730205278593
0.06744868035190613
0.06744868035190613
0.1319648093841642
0.1143695014662757
0.1143695014662757
0.39002932551319647
0.6129032258064516
0.6129032258064516
0.5483870967741935
0.5659824046920822
0.6129032258064516
0.6129032258064516
0.6129032258064516
0.501466275659824
0.7126099706744867
0.27859237536656895
0.372434017595308
0.501466275659824
0.6950146627565983
0.39002932551319647
0.4838709677419355
0.41935483870967744
0.4838709677419355
0.43695014662756604
0.501466275659824
0.6774193548387096
0.6304985337243402
0.5659824046920822
0.6774193548387096
0.39002932551319647
0.501466275659824
0.501466275659824
0.5659824046920822
0.5835777126099706
0.501466275659824
0.43695014662756604
0.6774193548387096
0.5483870967741935
0.372434017595308
0.43695014662756604
0.2903225806451613
0.39002932551319647
0.3548387096774194
-0.126099706744868
-0.06744868035190613
-0.3196480938416422
0.026392961876832793
0.12609970674486806
0.17302052785923752
0.09090909090909086
0.1847507331378299
0.07331378299120236
0.13782991202346043
0.1847507331378299
0.2668621700879766
0.06158357771261
0.10850439882697946
0.10850439882697946
-0.06744868035190613
0.3782991202346041
0.2023460410557185
0.014662756598240427
0.13782991202346043
0.0967741935483871
-0.0029325513196480626
0.34897360703812313
-0.020527859237536666
0.14369501466275655
0.34897360703812313
0.20821114369501462
0.043988269794721396
0.06158357771261
0.21994134897360698
0.12609970674486806
0.12609970674486806
0.20821114369501462
0.21994134897360698
0.06158357771261
0.12609970674486806
0.12609970674486806
0.48973607038123174
0.21994134897360698
0.014662756598240427
-0.0029325513196480626
0.014662756598240427
0.014662756598240427
-0.126099706744868
0.10263929618768333
0.03812316715542527
0.043988269794721396
0.6011730205278593
0.4134897360703812
0.28445747800586507
0.23753665689149558
0.36656891495601174
0.47214076246334313
0.39002932551319647
0.501466275659824
0.29618768328445755
0.3607038123167156
0.3255131964809384
0.4838709677419355
0.5483870967741935
0.4838709677419355
0.4838709677419355
0.43695014662756604
0.41935483870967744
0.6129032258064516
0.43695014662756604
0.5483870967741935
0.3607038123167156
0.4838709677419355
0.5659824046920822
0.6950146627565983
0.6304985337243402
0.501466275659824
0.2023460410557185
0.47214076246334313
0.343108504398827
0.27859237536656895
0.40762463343108507
0.39002932551319647
0.5659824046920822
0.47214076246334313
0.5190615835777126
0.26099706744868034
0.2903225806451613
0.5894428152492669
0.44281524926686217
0.5073313782991202
0.3255131964809384
0.5835777126099706
0.5835777126099706
0.4662756598240469
0.3196480938416423
0.49560117302052786
0.5894428152492669
0.4134897360703812
0.4310850439882698
0.13782991202346043
0.31378299120234604
0.2551319648093842
0.24926686217008795
0.33137829912023464
0.23753665689149558
0.2668621700879766
0.2668621700879766
0.27859237536656895
0.31378299120234604
0.29618768328445755
0.45454545454545453
0.47214076246334313
0.45454545454545453
0.48973607038123174
0.6011730205278593
0.6480938416422287
0.6656891495601173
0.6011730205278593
0.5366568914956011
0.5718475073313782
0.718475073313783
0.6539589442815249
0.5777126099706745
0.6070381231671553
0.21994134897360698
0.34897360703812313
0.21994134897360698
0.2023460410557185
0.21994134897360698
0.17302052785923752
0.28445747800586507
0.2668621700879766
0.3196480938416423
0.014662756598240427
0.2903225806451613
0.16129032258064516
-0.24926686217008795
0.038123167155425214
0.14369501466275655
0.16129032258064516
0.3548387096774194
0.46041055718475077
0.38416422287390034
-0.31378299120234604
-0.2844574780058651
-0.07331378299120236
-0.16715542521994134
-0.05571847507331379
-0.343108504398827
-0.16715542521994134
-0.08504398826979473
-0.08504398826979473
0.3782991202346041
0.44281524926686217
0.33137829912023464
0.3782991202346041
0.3958944281524927
0.3958944281524927
0.16129032258064516
0.0967741935483871
0.3782991202346041
0.39002932551319647
0.39002932551319647
0.15542521994134892
0.31378299120234604
0.020527859237536666
0.0967741935483871
-0.07917888563049855
-0.014662756598240486
0.19648093841642225
0.1319648093841642
0.24340175953079182
0.3079178885630499
0.26099706744868034
0.1495601173020528
0.2023460410557185
0.23167155425219946
0.1495601173020528
-0.008797653958944303
0.39002932551319647
0.12023460410557182
-0.05571847507331376
-0.1143695014662757
-0.020527859237536666
0.07331378299120236
-0.06744868035190613
0.026392961876832793
-0.06744868035190613
-0.1143695014662757
-0.07331378299120236
0.5073313782991202
0.6011730205278593
0.4252199413489737
0.3782991202346041
0.40762463343108507
0.45454545454545453
0.19648093841642225
0.5366568914956011
0.48973607038123174
0.10850439882697946
0.4252199413489737
0.39002932551319647
0.45454545454545453
0.45454545454545453
0.43695014662756604
0.3079178885630499
0.372434017595308
0.24340175953079182
0.24340175953079182
0.24340175953079182
0.27859237536656895
0.3079178885630499
0.26099706744868034
0.4838709677419355
0.501466275659824
0.5835777126099706
0.5483870967741935
0.45454545454545453
0.15542521994134892
0.12023460410557182
-0.03225806451612903
0.06158357771261
0.07917888563049849
-0.0967741935483871
-0.049853372434017634
0.23753665689149558
0.24926686217008795
0.2023460410557185
-0.014662756598240486
-0.126099706744868
0.07917888563049849
-0.10850439882697946
0.03225806451612903
0.03225806451612903
0.31378299120234604
0.6656891495601173
0.6363636363636364
0.3958944281524927
0.6363636363636364
0.3958944281524927
0.6304985337243402
0.7595307917888563
0.28445747800586507
0.16129032258064516
-0.043988269794721396
0.03225806451612903
0.11436950146627564
0.4310850439882698
0.46041055718475077
0.2903225806451613
0.38416422287390034
0.343108504398827
0.3724340175953079
0.2609970674486804
0.5131964809384164
0.7008797653958944
0.6480938416422287
0.5366568914956011
0.4662756598240469
0.4486803519061584
0.38416422287390034
0.530791788856305
0.3548387096774194
0.1788856304985337
0.5131964809384164
0.4486803519061584
0.6363636363636364
0.6539589442815249
0.6070381231671553
0.6539589442815249
0.5777126099706745
0.624633431085044
0.49560117302052786
0.3548387096774194
0.41935483870967744
0.0967741935483871
0.44281524926686217
0.5190615835777126
0.07917888563049849
0.4134897360703812
0.6187683284457478
0.5073313782991202
0.7595307917888563
0.8240469208211144
0.8709677419354839
0.6950146627565983
0.6950146627565983
0.8592375366568915
0.8240469208211144
0.1964809384164223
0.22580645161290322
0.4486803519061584
0.4662756598240469
0.5835777126099706
0.7595307917888563
0.6950146627565983
0.6304985337243402
0.6480938416422287
0.7595307917888563
0.6950146627565983
0.6950146627565983
0.6304985337243402
0.6304985337243402
0.6304985337243402
0.7595307917888563
0.8885630498533724
0.6950146627565983
0.7126099706744867
0.7302052785923754
0.7595307917888563
0.8885630498533724
0.8240469208211144
0.8240469208211144
0.7595307917888563
0.8885630498533724
0.6950146627565983
0.8240469208211144
0.501466275659824
0.5659824046920822
0.6950146627565983
0.5659824046920822
0.6950146627565983
0.6950146627565983
0.7595307917888563
0.7595307917888563
0.7595307917888563
0.6950146627565983
0.8885630498533724
0.7595307917888563
0.7595307917888563
0.7595307917888563
0.3782991202346041
0.5659824046920822
0.5659824046920822
0.41935483870967744
0.4838709677419355
0.782991202346041
0.782991202346041
0.6070381231671553
0.5601173020527859
0.6715542521994134
0.530791788856305
0.5483870967741935
0.718475073313783
0.782991202346041
0.4838709677419355
0.501466275659824
0.6422287390029325
0.595307917888563
0.7360703812316715
0.6422287390029325
0.4662756598240469
0.7360703812316715
0.501466275659824
0.7360703812316715
0.6422287390029325
0.6422287390029325
0.7360703812316715
0.7653958944281525
0.8768328445747801
0.7653958944281525
0.9237536656891495
0.9237536656891495
0.8299120234604105
0.05571847507331376
0.2316715542521994
0.008797653958944274
0.12023460410557182
0.27859237536656895
0.1847507331378299
0.343108504398827
0.2961876832844575
0.36070381231671556
0.31378299120234604
0.36070381231671556
0.4545454545454546
0.36070381231671556
0.36070381231671556
0.1847507331378299
0.1847507331378299
0.24926686217008795
0.24926686217008795
0.31378299120234604
0.24926686217008795
0.24926686217008795
0.2668621700879766
0.2668621700879766
0.2668621700879766
0.36656891495601174
0.4310850439882698
0.6539589442815249
0.5131964809384164
0.624633431085044
0.6363636363636364
0.5425219941348973
0.718475073313783
0.7008797653958944
0.6363636363636364
0.6539589442815249
0.6539589442815249
0.6070381231671553
0.6715542521994134
0.5894428152492669
0.6539589442815249
0.5894428152492669
0.6070381231671553
0.5601173020527859
0.6539589442815249
0.782991202346041
0.4486803519061584
0.4486803519061584
0.5601173020527859
0.5777126099706745
0.49560117302052786
0.40175953079178883
0.5425219941348973
0.6832844574780059
0.6187683284457478
0.7008797653958944
0.5894428152492669
0.5894428152492669
0.718475073313783
0.7653958944281525
0.7947214076246334
0.6539589442815249
0.4662756598240469
0.22580645161290322
0.22580645161290322
0.3020527859237537
0.49560117302052786
0.49560117302052786
0.49560117302052786
0.2961876832844575
0.3900293255131965
0.41935483870967744
0.4662756598240469
0.32551319648093846
0.4838709677419355
0.6539589442815249
0.812316715542522
0.8416422287390029
0.7360703812316715
0.7360703812316715
0.6539589442815249
0.6715542521994134
0.6715542521994134
0.718475073313783
0.689149560117302
0.6715542521994134
0.8592375366568915
0.7360703812316715
0.8299120234604105
0.8768328445747801
0.8885630498533724
0.8885630498533724
0.812316715542522
0.906158357771261
0.9530791788856305
0.9530791788856305
0.9530791788856305
0.8416422287390029
0.906158357771261
0.906158357771261
0.970674486803519
0.970674486803519
0.7653958944281525
0.8299120234604105
0.9237536656891495
0.8592375366568915
0.8592375366568915
0.8592375366568915
0.970674486803519
0.8592375366568915
0.970674486803519
0.7126099706744867
0.812316715542522
0.7947214076246334
0.8592375366568915
0.906158357771261
0.9530791788856305
0.906158357771261
0.906158357771261
0.906158357771261
0.906158357771261
0.970674486803519
0.970674486803519
0.8768328445747801
0.812316715542522
0.8768328445747801
0.9237536656891495
0.9237536656891495
0.9237536656891495
0.9237536656891495
0.9530791788856305
0.9530791788856305
0.906158357771261
0.8592375366568915
0.812316715542522
0.812316715542522
0.8299120234604105
0.7947214076246334
0.8299120234604105
0.8768328445747801
0.5894428152492669
0.8416422287390029
0.7302052785923754
0.7126099706744867
0.7126099706744867
0.7771260997067448
0.8240469208211144
0.7595307917888563
0.7771260997067448
0.8416422287390029
0.7771260997067448
0.8885630498533724
0.8885630498533724
0.8416422287390029
0.8592375366568915
0.7947214076246334
0.8064516129032258
0.8240469208211144
0.8240469208211144
0.7419354838709677
0.7419354838709677
0.8064516129032258
0.8064516129032258
0.8064516129032258
0.8240469208211144
0.9530791788856305
0.8885630498533724
0.5659824046920822
0.6950146627565983
0.6950146627565983
0.7595307917888563
0.8240469208211144
0.8885630498533724
0.8885630498533724
0.8885630498533724
0.9530791788856305
0.906158357771261
0.9530791788856305
1.0
0.8885630498533724
0.8240469208211144
0.9530791788856305
0.8885630498533724
0.9530791788856305
0.9530791788856305
0.9530791788856305
0.8240469208211144
0.8885630498533724
0.8885630498533724
0.7595307917888563
0.7771260997067448
0.8240469208211144
0.8240469208211144
0.8240469208211144
0.8416422287390029
0.8885630498533724
0.8885630498533724
0.8885630498533724
0.8885630498533724
0.8885630498533724
0.8885630498533724
0.8885630498533724
0.624633431085044
0.5894428152492669
0.7008797653958944
0.8592375366568915
0.6539589442815249
0.5483870967741935
0.5777126099706745
0.5777126099706745
0.5777126099706745
0.530791788856305
0.4545454545454546
0.436950146627566
0.501466275659824
0.6422287390029325
0.501466275659824
0.501466275659824
0.6422287390029325
0.5483870967741935
0.6422287390029325
0.4545454545454546
0.4545454545454546
0.40762463343108507
0.4545454545454546
0.5777126099706745
0.6422287390029325
0.782991202346041
0.6422287390029325
